207000
115604
432767
343726
938812
175792
970266
858520
855008
78472
699663
900076
109020
636071
505757
703556
956469
93238
667729
252961
357929
142284
193086
438030
243997
50151
193363
998576
476604
838515
484831
696974
624249
650671
554387
706411
982580
312909
281821
994538
332184
34323
293975
139027
593555
621040
301171
504649
510170
445809
439064
334662
116585
632191
633058
992582
211314
634140
449031
810059
258569
671829
241386
874874
195563
50626
38676
400678
180889
192138
31556
556431
526516
26369
627559
141321
941505
713746
499902
896899
221521
182703
186778
841323
687902
680313
796057
524943
835699
378691
577100
884996
274332
435972
955028
442612
739970
403425
145046
100582
616856
175092
443957
76794
915852
185165
938091
265514
289779
367780
853718
143688
918042
488414
265386
372368
639351
9387
143121
803171
908402
681522
121113
690585
326030
435447
578029
270543
149064
792558
428583
765571
779664
352315
366622
532393
791621
625200
384466
472238
532191
912700
690966
732021
15115
841841
675325
104071
501137
885570
732469
412023
806515
588703
197762
164561
350031
996837
717865
83366
27731
215533
737629
131790
97767
72939
871732
590444
93282
931781
500164
955776
191340
792487
463241
13263
609444
592935
891957
259378
896199
569942
899456
912882
600991
268987
741021
55925
627966
641440
127633
624505
191823
124303
399279
695049
136757
367843
35522
453410
409850
778490
43577
819975
887299
876530
401308
646748
834204
962744
153125
480380
198763
710438
794432
419763
166653
620131
480594
446881
483595
436579
417266
181342
971561
429320
256512
101459
428810
497691
196344
494277
516439
442019
328250
472890
11298
790946
860355
497446
274181
962327
722031
731384
638173
657495
180748
594522
80279
236652
568163
477085
909726
329861
556860
387142
901880
47600
252342
556152
843386
197129
859935
904574
193886
307341
432129
680202
905453
33416
834926
799660
393160
973320
95809
699611
67015
81124
128966
916173
97008
50756
160533
579338
101885
218850
177487
347873
559808
433419
918340
619074
821814
870575
135856
539194
75867
115341
405623
946789
419532
397326
333516
150243
835365
637922
616539
886363
791915
991316
709819
41849
582212
481462
393803
423334
809407
954582
278123
212393
523408
995351
987756
307530
381495
776864
439748
45705
521472
347931
228043
33244
595709
897044
747239
406833
743431
244774
185104
380214
643136
60335
798690
925579
150981
453496
608524
505616
46019
432308
495574
500779
145481
947731
571652
657309
224739
680177
918849
264287
986338
859622
795532
840259
882027
867435
840042
524324
228909
685167
752599
29470
34371
916947
851202
349340
554802
704037
194457
612972
804098
265869
273437
301676
941615
586659
758353
59035
500120
236429
483438
411326
587189
139370
163097
590834
529220
258176
971127
550422
934873
600253
22392
133262
367326
730753
726248
353626
982419
951381
49419
363177
187009
734161
631364
703531
476451
101785
514396
259540
33017
693924
946160
573601
566909
226856
908510
789756
724503
607604
378371
389867
125750
182885
797461
499163
339017
399312
35445
42690
150430
4785
941531
962528
138592
643848
262829
708024
616700
702385
269429
618593
395336
773918
469633
524350
218438
269173
302250
921018
91089
156712
601894
640777
273289
692773
356910
425779
980574
351793
908663
658797
406044
506098
117646
426565
764123
223832
287676
952114
840945
844291
416867
395536
865946
549444
184760
543552
344219
840167
652436
210996
363300
810371
790491
262456
160091
508070
440180
232776
771805
61546
563971
969164
531257
991209
493141
836211
818990
783434
955464
761493
965606
741202
967209
444966
534723
415138
529178
372812
570600
680477
145511
306469
533050
441240
433543
84906
571079
830992
480261
755181
281486
809262
144261
839601
158715
939690
604875
202168
589727
405599
444534
895619
630251
775417
938390
975630
937326
512042
805305
902858
549729
228694
903982
935315
52277
44396
738018
252135
556267
849579
955834
367156
156588
572668
715853
788600
955473
252557
908670
608965
623704
282688
331672
934318
266109
619282
662154
478602
711139
923411
930720
71660
371646
76453
354911
714444
751197
751598
576143
545285
873771
941638
445957
335732
444198
409462
618349
75929
841650
289426
27517
760258
220347
50766
540821
847748
609104
21582
599984
860083
980490
221704
531959
747154
782640
743221
609815
915948
494465
861151
723679
654641
734373
72727
351458
488322
449002
989732
907315
5168
390631
74351
559972
313642
473126
970488
12329
851196
558220
869525
861598
734467
954452
177772
255308
74499
739252
619064
708355
299148
166316
19828
200046
584663
496473
765241
869311
149504
603518
536996
518344
737950
791306
417223
495001
125494
923911
334267
534679
760621
189901
640061
777815
989358
761685
552214
837359
983397
480683
481640
612021
125109
384880
195434
430462
896515
412256
465733
346386
210923
848849
996120
491941
749407
653196
688787
818166
713621
222863
399680
333107
986377
811612
444401
681867
60825
765306
192978
678090
69199
631868
10795
98014
818139
219698
652767
812136
182796
909835
518351
245682
625172
270814
764942
612198
50271
823725
53981
913496
897792
646965
109728
686012
57857
62211
651880
157554
684378
177407
720809
590692
693127
645003
178062
592158
713796
867138
936164
167004
52888
457478
726927
980284
538045
981690
12263
723152
703218
232724
36568
918292
739239
109847
788792
242711
946442
391277
118756
970414
395100
100090
958962
312430
211416
304949
776938
236214
658987
557977
157378
47838
764669
240616
395100
861359
310977
52598
284775
587185
792754
332310
461670
825671
453838
961866
994796
676099
241851
886335
304771
2275
246909
87504
922271
128693
619266
149101
750088
787611
78702
445026
90967
835527
912110
599530
168847
463691
139861
289499
723711
492452
26095
480482
476057
456723
476006
32208
296291
216568
702707
301339
853377
333411
309204
727394
442433
733974
697523
464853
327432
681018
982022
664655
749527
872655
592443
241037
88445
13772
487392
632914
186590
281686
619556
341032
583761
536643
205930
854815
644663
65921
991445
934902
171578
722386
675288
732165
988451
29508
577245
544012
94138
90722
673343
688623
455983
651599
435824
413470
790568
406335
257113
826712
82199
457543
95692
978934
186950
488264
537191
39376
262288
649708
802791
459387
176164
260014
717889
372616
246777
56184
387070
578502
984220
997054
235472
551758
721261
26810
148755
408893
4364
680734
549905
949213
421661
257331
623007
672561
302668
939996
663119
737529
345232
168607
513802
501077
412160
456341
806876
141271
495918
311422
208887
319128
813070
48997
335244
857480
785174
439784
177534
561678
191552
916
767694
338334
733026
848625
589527
245769
974805
743764
796025
939754
219908
173405
350423
161293
789222
986825
539519
603767
83739
185084
824248
938476
883910
111824
200758
494319
597001
532170
985990
330598
608460
776286
681463
595586
444194
337520
769613
66548
256463
235463
800597
754685
162651
201613
935334
211639
189102
644730
324443
397357
180642
40139
568106
276387
973656
1931
294309
438615
31443
179998
642839
65319
208407
26498
949876
139440
11878
444757
152721
457256
802805
528819
908834
469138
17453
613765
399337
234468
22401
937131
378389
699586
181335
197409
785888
162126
33065
261249
725468
235669
336957
221255
387933
36599
329353
929672
867527
124753
286759
222097
67430
10099
721807
256533
587025
266032
458896
747719
806210
413408
959622
852753
909972
424796
954949
68157
827699
613211
924932
748819
806857
816945
694206
588451
14972
216181
971933
532371
556235
847615
442893
278453
495490
353816
111151
545883
757301
454335
428797
702768
651138
449491
419094
53093
570490
896417
600274
238236
826352
86288
294808
502501
623060
259316
263274
262191
366497
833832
913288
872688
510899
317347
568790
321246
603990
829109
529041
416166
306667
586308
668171
35267
978524
687840
163252
164452
993356
454676
593077
815675
257878
56328
871999
918706
504856
785530
649429
154246
184608
301834
274997
750386
697637
357778
188059
315729
4597
967444
782999
38897
480099
338922
359812
337306
852815
231477
610879
369930
861593
672929
237887
206613
265394
487017
446136
717078
87304
536918
999455
184901
817689
969788
507257
159134
469892
56865
56078
186184
896483
449306
883497
563897
86789
13213
379806
757817
742030
603755
830231
161319
111330
965963
317608
823752
571898
984070
503733
687675
744475
740497
717378
862267
218526
231933
895303
383320
570861
663907
423059
725566
500192
69272
624536
828146
401137
826374
927016
267540
931256
937805
548509
48785
602872
768100
586679
730552
247099
463897
601312
109545
280138
447536
517037
261887
860066
91901
602573
125346
397970
868601
463449
353010
804429
663713
309164
107090
859519
205365
992165
831611
113288
850248
656766
787137
42987
752253
540495
298579
9584
111191
25772
619323
457089
737313
854145
627312
682311
665674
63814
328374
121167
210483
602117
962664
504560
503157
336156
736232
838961
98241
250978
574229
503325
301111
282683
553957
598669
156743
973184
441251
347544
901111
322627
236062
360351
270240
130046
611190
368319
637688
978412
644996
628106
543980
511231
368675
946604
961999
861938
402092
607080
992698
470159
549126
725172
32343
508258
605297
557419
892159
749019
8791
379432
617869
913612
280760
688202
379783
217917
62891
499629
645067
545097
984256
519882
237622
599199
502856
291686
373246
118801
623743
918029
62622
676581
318949
420666
951450
123118
797059
50298
584426
140580
811092
832369
376489
74798
293068
822455
917262
11177
658387
992688
738815
782172
587764
93992
651938
619355
535953
313915
945771
162904
829319
944305
359809
631027
399428
958138
334881
472636
174324
568160
173008
214279
582332
35488
45898
819243
907818
816660
914956
424013
271444
802714
334976
801994
813142
590446
616902
725194
56801
573627
401030
940587
287979
69299
654414
396971
888644
442492
958428
841015
111196
244643
682513
847628
643753
374235
725612
619910
92594
244179
930573
208121
255839
651533
859298
155672
265060
290961
729128
523718
137739
758524
737944
244385
127358
501164
885434
153395
374641
312557
613984
301561
778417
306541
168977
776547
679115
245106
479920
13080
916768
703672
464701
522068
861884
45604
86858
212491
553136
61970
788497
496221
504250
192278
261039
804431
13998
814215
979821
231529
768986
297876
592281
721120
836634
106096
898437
966653
500067
300726
388453
263468
43291
449278
582446
754183
264589
213938
381098
401062
181720
461070
648931
616692
403087
463676
756532
513565
485025
359044
678998
350139
829551
970753
166768
443741
13882
387764
465436
598585
199772
264691
59905
308381
252879
462548
127775
924933
642240
317863
595666
114423
525097
647711
34991
45776
560232
966275
882406
594676
281225
938661
790645
606331
661382
795291
918780
606373
697496
824723
19
700456
817728
3027
325713
818288
109437
462652
846587
125642
719806
331101
499245
118676
980829
912435
723521
433084
830626
782412
50695
419592
56992
839393
560133
568
252780
290096
756760
111151
425398
469920
499347
366860
905772
456530
837331
472805
386058
318399
782460
515322
317609
949498
133805
839938
917256
957407
367165
802262
504547
1203
657788
157509
245885
647658
824347
496315
420835
742728
381293
555787
966554
603748
702747
593697
442042
185286
836885
710694
8887
756373
987730
349400
337438
878420
592227
523884
262417
210459
182816
5890
938445
159368
728163
678021
55880
276671
499325
94530
818699
511381
755935
516025
237468
451161
911017
33295
488195
544692
444297
377550
714569
973318
592738
543377
924951
162266
816976
845648
308354
478920
346276
92384
114845
239993
417003
587709
393701
693101
414883
882788
493548
731337
214391
859749
451475
926251
557272
363709
628450
819137
511952
117492
276587
724921
198987
957510
65614
575432
953827
275607
256073
212491
775830
446122
173784
789247
805909
997217
618140
753158
259217
376369
560041
702196
165040
918631
759988
162960
953138
32967
764036
70093
576742
174322
599333
321125
92297
865664
471638
722170
339390
665860
108889
85369
826736
949641
135073
930511
196571
712173
541917
700995
967832
952709
513329
276884
610930
692753
295043
955870
759446
542358
901559
415598
417096
548090
847786
143629
462408
374934
945069
693575
491947
186233
598328
86380
52443
696750
763680
721888
20623
862435
132922
753675
605682
606084
385142
837760
594120
813920
447976
736074
416820
317475
291204
434100
471188
700864
810353
14436
522756
612196
260000
221663
84439
453543
96142
476189
944210
262821
990536
525064
790929
581031
676499
155722
158290
287248
672406
340472
232978
851397
334995
355881
890903
891023
329999
988882
985322
974355
297059
574820
425550
810347
738667
421717
656864
259581
214319
880630
667259
636829
527318
506900
326706
327571
569354
691090
756727
330258
505171
388299
515315
100225
255843
598455
715945
56439
452116
541459
196803
609416
188371
416631
360098
81118
295041
940960
271951
945385
827784
150350
937244
128080
41390
914665
735716
259360
867989
470319
988823
337637
73679
2684
715040
870722
62685
514575
231501
955600
232634
920401
467744
372957
111343
827947
313867
693433
272481
715199
795666
51531
220202
305859
216106
258288
788542
219438
921790
769535
268735
134087
756309
315621
710653
543860
262188
733156
763446
884210
90711
923333
972
741097
411762
876074
984765
95828
18532
251206
362257
501538
729600
628591
183211
62871
403693
152594
76979
368931
150401
463110
771341
308317
635364
178803
488753
657644
475697
239840
595374
993237
614065
720207
185031
583148
644780
713850
668538
48161
50556
587869
706530
94581
672891
990284
251781
267593
871993
189626
774140
854448
213799
194877
598752
439825
266896
16046
375014
132071
368185
753946
389916
74335
393749
75311
444880
559704
536515
214029
92838
667436
855049
86544
96347
627700
367960
510331
57628
462138
994046
343475
260971
730572
284142
868051
293955
401433
514464
979366
455284
832079
764641
914929
245016
879814
453524
243528
358272
195004
828634
211658
890641
365837
744839
447599
146217
22187
450575
618637
473063
247140
771514
667003
485850
103908
738383
660498
635365
615491
295240
112058
488014
640474
201389
370929
42859
799470
373381
569230
110785
262980
291208
803627
232912
738253
7472
202591
604551
635714
580290
619968
801913
81318
546164
73400
693123
956444
480877
292124
338107
775886
151691
450046
68146
651533
397545
40305
766882
650637
182690
236312
789423
906696
586433
391207
865946
484018
834291
36045
776585
166059
242634
445748
628429
112817
924776
506414
785964
388443
534245
678954
708156
625908
641956
446102
647360
201858
220041
486746
523053
853497
594876
420360
838649
29655
317299
852130
709937
167435
532468
286610
106742
471561
879724
929442
644902
797786
673047
154246
89258
343914
793588
630797
938169
694971
662684
554089
822218
451095
224976
706150
692266
335879
821622
779341
976482
93000
912029
982573
59208
327613
321235
650451
500360
78984
462739
185097
584061
139434
650746
771297
30367
239099
651474
52761
11292
898405
584316
611967
604359
707320
227522
236629
572144
295755
106903
858835
833640
864524
82968
882366
748293
116420
248575
202488
930070
142873
75366
435082
242884
97879
738721
357069
921813
423290
600989
582115
803900
50471
307652
610157
924146
652009
350862
158508
942
28860
559997
12612
419037
700325
297812
110275
832999
847431
677458
627885
546698
734588
459703
255981
815013
752595
603289
732050
595993
621303
601278
414918
2877
866538
146258
954638
102161
483946
291594
66039
889541
639288
318421
664835
524131
980969
992070
308643
215309
771861
941589
764898
575210
893115
288866
589965
911365
703373
875611
968815
302131
53846
988769
616981
612292
757390
557411
57957
863303
645176
763417
404033
27035
308017
956220
260655
530401
476979
751955
232619
551068
690224
867194
236930
73066
69601
290333
119633
85080
162215
110479
363266
399229
863303
320583
412836
771826
276683
612587
848556
480778
25480
569380
607912
630175
649217
32584
805430
74455
318172
576560
385005
843735
621664
106529
914102
99763
981920
510102
720809
537392
373711
319599
651448
362234
964888
388929
508323
548914
102652
313673
413468
61143
634924
737008
732976
908294
71514
541152
454102
345455
753464
807687
88325
27772
387640
602480
182313
21023
905927
221068
291926
654222
989948
479936
453538
704074
749497
700176
777044
629126
532742
459059
956534
75024
986798
300677
887851
704360
231474
450312
833779
88667
93074
585039
840808
664744
292978
7610
94243
953097
853369
730336
977019
511918
693785
6050
987892
408949
19335
918455
881124
439318
206895
344214
531455
292916
126748
726022
63568
861649
526327
897412
779359
7274
980059
980638
44711
16850
530683
34678
241426
262930
175875
531535
165422
133842
877680
343025
628744
907360
477540
786009
226261
251639
551712
102527
337973
842443
286544
341898
244801
210805
38415
954633
737583
579526
600466
316196
407649
170523
653247
705007
230957
786387
684026
778425
539768
581251
950974
456204
126932
390322
955505
221581
249869
911756
109377
522340
982411
224522
654307
890432
242992
657775
432989
933562
594939
995512
36084
405011
746303
170405
36141
488632
910943
890784
375507
558263
939112
514439
966211
843102
20479
310900
83876
433452
21519
743203
758773
771188
811066
217619
759143
324041
250317
956708
840169
984635
659308
583104
952344
348148
950577
983441
264771
316427
360308
733904
906950
329396
283813
25700
154202
613468
813890
213276
139383
35598
801030
964220
366998
638737
952621
70331
546655
576290
391298
401239
52080
491034
621950
858123
468941
3694
437777
32746
659388
29420
760690
663102
713924
459100
66204
903704
653045
805698
721793
360791
591473
953644
947857
865675
210510
280432
789471
557310
294291
126777
117138
238584
742557
235773
976132
872171
490532
716847
977280
349063
343479
333421
326045
843730
95653
24363
928526
811602
512562
908035
179404
731393
197768
511651
366037
125712
883059
897433
556010
654
274637
598813
978920
620169
545483
205799
566078
666253
9580
804942
130244
406861
406872
756840
547845
284283
494393
385057
814437
710123
447176
697846
198143
161689
98788
893673
85410
164276
173797
578259
314692
991537
104776
899523
367920
245792
403251
107330
149765
918561
664199
931732
131854
271692
270832
406693
227708
713123
119232
726202
161340
74857
96309
719067
127673
814177
351542
876279
173274
565911
943268
990450
120964
246525
958396
884201
468637
12508
917419
554311
470553
79544
778332
505597
62056
476523
591475
494830
619245
946308
305223
442325
813814
193752
698850
533550
352288
503786
455938
609335
186473
754538
173297
616214
432447
434310
266313
601287
397731
70567
768485
439648
900046
992858
52927
401220
391229
707350
799094
77399
224491
770013
197777
835056
879355
826098
408169
61507
803782
703234
927606
913075
780064
379074
92485
243113
712554
586231
690116
811556
49054
71579
697335
940141
61343
797848
778572
730233
861015
8203
504998
311791
297709
687242
21760
624860
316028
268150
105851
96132
394828
679548
173783
130850
828624
975516
620630
277636
499989
468287
744160
470273
397024
572469
969156
495191
632674
388890
256931
480266
102779
900015
215595
178123
924985
831248
714081
277760
322694
906805
309850
732213
366434
979049
606817
829277
962332
673473
803845
400481
340436
165065
544968
399759
256460
376714
808202
384802
995639
544965
634450
293430
426547
170607
958249
525746
31786
705239
242956
673941
568729
945841
766266
751210
124450
765159
331103
943383
257642
430480
718910
239116
245660
551966
405808
985884
440128
464923
658068
914277
625549
75664
983850
425950
938579
618830
544624
688668
252815
179902
634885
559543
984260
939816
619282
969312
234042
622461
982117
163988
142529
43547
426918
992653
637038
511671
543765
1809
1573
598283
635482
685036
142526
930849
657069
556515
806780
913272
619432
596943
111142
577172
728972
997294
650583
439246
369867
239384
536578
859779
562292
433105
897551
828232
535822
694905
465211
366745
659082
80129
304767
770382
617042
922401
48572
216179
191358
390553
824766
101782
493785
392983
680628
140824
349123
774219
614273
896736
495156
352288
601823
470411
752368
936773
952182
537093
591986
537940
991189
785848
389057
693256
771524
819226
125433
352285
883914
7488
686606
62106
821445
276838
941920
788844
330060
795381
938455
812584
431139
539296
177702
312243
174832
600159
932797
138989
995914
205516
188571
253770
986475
645454
932397
854342
805493
280607
568481
619684
854134
889170
893185
83600
344383
725260
767205
895175
537696
72137
131130
856745
407689
221327
902441
753359
311821
944542
73386
206983
452853
933277
512857
184632
819534
159047
827327
863850
241232
121777
792959
62595
374827
634355
503359
281416
682940
966101
889211
369209
769897
634719
60140
660070
660964
373030
484276
298120
946423
854660
235244
778968
180336
598012
352810
474215
493015
669758
102272
736635
116237
742765
903375
906411
87998
559954
78646
648924
69154
161516
143420
900130
212451
953326
270512
804643
227707
403532
122574
571710
361097
841572
255874
283176
186873
756579
112276
685408
669171
339264
565470
11353
3739
992609
383097
37843
93594
573483
230207
70756
786750
744466
514538
525931
913764
380851
927611
409975
989551
162019
777414
630197
711741
520967
446763
721658
248038
571869
180239
301371
469538
459940
217663
713776
367876
404962
320101
354571
367118
341783
908947
470352
879140
917830
572784
24892
866134
806553
601909
417877
224898
263586
636949
874914
348280
456750
123258
968713
702325
201249
297565
457878
661699
469447
565309
603993
478852
697523
480959
474698
377853
748655
919397
573735
254241
169131
253129
672691
682271
423554
657482
222522
18415
855514
806333
591248
128528
61593
521218
467478
605641
429282
467011
56882
608680
32792
751717
951923
241438
7024
907001
299266
198919
550225
970459
358362
191817
225436
459203
160606
86688
839004
272960
465682
2924
848979
708722
724399
226353
873426
816481
179596
421086
361081
330789
252477
351411
336750
980233
565525
581471
715090
250934
897947
86354
904966
506553
145139
502761
342990
868307
49586
370071
981532
564681
24525
616338
235225
278904
251853
727811
565326
775203
21226
854040
745229
100308
533530
326992
186832
503147
872689
191430
601098
524774
481740
737084
373679
390160
355658
702844
320218
968018
273325
756966
984714
979392
502892
357092
678728
558488
264242
434642
380147
852233
127391
72043
706416
466078
432251
598571
829498
799536
154864
282284
245699
848997
648258
79570
545573
401176
394687
199200
115105
486808
672767
639822
278572
504017
746386
751586
260834
334926
737260
138674
462869
766149
481346
834624
15999
650377
896886
551363
238134
707805
753583
290248
665735
196033
588530
407103
910535
469906
793343
876600
403349
820776
773115
566408
66073
624456
587969
462931
814485
455044
366410
933122
140266
945276
376914
69994
107828
264857
137647
504694
703255
567750
382515
475273
425081
515533
928637
985576
532321
947609
629459
415327
999652
716168
281886
447416
992683
396670
617447
346735
167513
264298
795377
741131
376074
302724
678744
270683
955633
812406
63856
259964
610592
149813
663274
979276
710331
59557
744886
552665
381858
575152
11803
110887
525239
790643
349704
949409
919956
494579
630108
948106
478815
887600
577421
888804
899973
712560
607015
168789
728518
505489
557894
570953
412379
20386
575650
515219
603383
907083
992463
723138
948575
120001
533189
204550
267642
519350
427317
658947
814330
105428
576770
896941
301375
258265
460807
53162
527651
189763
76415
553032
551885
994140
443200
704129
455791
269825
291448
827142
896806
211326
736482
454576
193440
99244
373745
654603
344285
929097
422957
858313
597298
179707
511264
783635
932938
472380
830161
234874
844808
892574
535211
605809
514703
313267
76710
997295
940516
510768
330107
284048
8495
827486
756948
679182
511827
531194
970406
836349
458346
908370
407504
29878
702640
543311
358421
199493
781159
550217
853953
89412
971190
740240
407754
93620
736815
6710
146373
159817
211840
267886
979573
95865
566440
657847
439625
752247
719697
560720
806436
236994
228866
907811
880865
527858
33960
168980
413548
200660
240060
975173
6299
770651
518962
4584
342024
812621
928092
193176
726098
535080
914638
162505
596557
991282
79110
732611
598911
848674
126063
992150
942422
523547
34782
248617
542919
293290
528274
172423
506241
852435
253024
417193
690176
668297
600195
757994
373457
41470
68911
628659
188981
549742
466191
856255
313230
819248
37279
454822
107957
298674
139181
599282
600800
92148
334657
673819
15181
222614
452020
244698
505085
404354
671418
459253
315009
206495
597132
312389
901174
666354
585932
774505
298815
197906
677568
166501
129783
115207
181613
927047
840644
357404
55296
337682
10529
939210
108600
344360
655762
330407
399053
205712
649326
605572
811034
230989
521550
920614
708436
74149
493236
55220
912480
508444
431742
680577
485537
213685
407475
373003
728754
973777
304113
71707
146615
247138
843534
133155
284239
356550
57987
88006
954825
492522
917455
17930
319528
196368
415275
763519
511043
4063
848080
705409
333089
713043
619061
250484
628736
75814
326688
509692
872927
152203
528112
25578
934249
422962
342830
238280
681667
421875
648262
201622
677744
548702
949634
701411
450041
481055
804675
115871
883864
190887
378750
1305
727139
444933
926242
359394
681911
180589
619270
686368
256339
12851
683424
719839
308446
15372
593263
868732
583255
894690
622959
865791
211029
878587
269281
947426
383275
395235
974894
495109
2834
973322
909194
728191
443520
301723
447594
196757
381636
99409
940093
355022
817735
637937
89543
116127
948210
978210
679473
245715
427974
113376
257138
995227
831467
358991
752547
463760
617825
678315
378426
947902
363825
916415
947103
977140
182752
153473
806928
214531
914444
573509
851804
95898
873269
849622
112700
765669
223394
640214
326195
646539
335076
771205
537599
596572
762151
489589
816884
701323
117693
78606
468347
897623
130226
590798
221254
764526
695081
780116
648500
918689
580938
474671
643628
12274
777084
330912
524283
474035
38566
205778
906923
672670
637509
482299
288571
171165
272437
307515
951831
931255
199759
949523
569884
687727
182531
573656
361515
794276
352999
553843
104017
800584
632121
375769
548738
679134
467420
83958
788751
138198
680724
519968
782847
755190
593440
897034
53688
126074
875001
873439
752831
544210
635734
38397
884221
219711
50993
681342
517599
372270
796661
726481
36533
162824
137828
313912
307076
159931
467142
96831
173107
370191
130225
124878
38596
68617
147039
972614
735565
150813
954747
836920
83924
756034
98766
737313
123824
331298
78036
290591
617790
485624
549544
718072
979848
275334
530462
831828
68633
428953
794537
4403
46168
715106
583556
111174
830596
929499
377426
401285
585560
351189
445351
875137
802959
721002
80683
885263
180473
896301
465463
865592
886290
120855
795645
557036
39008
146137
993934
835551
587614
25624
988461
104450
643840
362309
779607
786839
593174
435500
274957
188492
577718
900818
930672
143347
907982
526801
431837
614124
206118
470479
133542
307807
313789
95498
398690
923604
673867
813403
992238
371932
1464
977238
375264
933515
774781
694150
949655
346474
859009
241838
71154
442911
372329
489041
880051
484766
878522
602670
620229
953938
948985
164242
358781
963063
502160
624226
237589
318141
917037
824194
199959
349967
670955
225408
514442
718703
723836
630232
182087
585052
202658
263656
820483
115435
520314
895722
564762
401086
207697
922648
416590
490992
327729
119727
78866
485657
284003
414566
961478
932377
910637
639711
771457
167573
967214
273178
279704
510856
543887
53512
947470
696506
1642
576780
686174
342630
593164
604115
202288
933186
107012
185350
726237
555927
884659
875955
535664
886849
12015
744705
58816
973901
206809
180628
950900
344632
668890
187206
447490
293206
859327
266571
734137
221199
542605
146870
806509
561305
109371
919676
814057
68724
217219
159931
584293
181121
388027
505529
517544
24051
995455
134752
190737
721183
360375
736124
323443
985333
591087
638670
934129
53958
167913
762399
822663
574687
387143
913206
683267
991192
172276
27406
922471
515753
385038
719916
414338
274251
230040
380381
874584
47257
493766
938533
977720
445867
810333
368730
731543
628925
622216
49439
783668
486156
186175
195962
243270
150635
382558
24306
287353
195546
121701
226765
584136
453704
120508
59699
259693
328648
500305
235369
334301
996511
583046
418690
123636
183400
638714
485208
652877
623906
663891
60858
227208
74348
512302
905361
33696
742497
519305
829379
87523
613129
273852
43046
432426
65080
215917
795732
190756
867024
925802
501846
813249
211184
544292
164108
522952
827194
540829
29931
166903
746176
296831
554121
12993
799403
863175
357586
150088
432840
658255
442635
81878
668418
444701
79301
42571
489455
977592
809054
701419
261600
905124
165615
878734
249902
632673
547596
78572
225833
205329
179874
681610
692374
611454
556148
203888
126493
684316
834611
97632
647906
589736
93282
466514
821818
427764
882024
765170
78134
917678
458617
333760
833586
703530
487152
162530
230506
876366
812874
783358
520710
209167
606532
402510
475156
326534
839329
386460
645112
963825
218104
445891
433725
840210
545902
35084
872854
277131
248772
539990
851419
437148
509925
313089
876933
256683
433360
856338
772214
410114
384086
547478
679698
632196
860314
896070
18265
185701
672390
312050
322145
767896
636824
672849
730713
91169
767893
490624
363585
644974
126265
831093
504159
421955
665948
537208
47938
154708
291413
877306
99059
672375
126437
851880
780670
499788
697138
59788
773777
554081
88329
372988
501166
284784
524250
489564
601983
32716
458681
597510
872196
895709
70255
141252
809366
596960
377927
451508
336993
143537
73248
535022
753052
464520
912446
145269
918509
353881
295960
490750
471116
622278
374404
276084
102022
555032
574323
838354
678568
978765
210943
532606
475101
735985
578046
37640
199405
250824
84188
883347
725365
708872
377518
250503
824010
91567
585972
995674
494470
611415
740192
964333
447881
94964
627684
663276
689924
751925
107702
430465
168745
741032
260023
698483
300842
914869
905787
252339
212035
99115
86803
982476
907436
334693
967149
341535
206532
210767
535560
187741
491893
501692
903435
107164
456217
282949
366369
127571
974552
369808
555812
843031
963624
658300
961076
17598
953392
823591
926948
868649
684460
671590
952635
451913
861177
906011
25137
212226
793347
844841
415242
720320
736227
202043
55062
69075
795195
698465
755048
118880
69426
800200
323702
452617
133111
456751
238461
348475
189176
687975
428512
63004
48960
252799
548738
530348
4569
701007
390205
306827
926422
31400
815227
831409
898503
809505
830923
975929
571341
609038
139912
261110
10591
545204
299823
919042
926662
806640
990051
605965
679242
959331
516543
855248
987975
524278
760674
855878
166453
368736
218981
66133
712288
492549
487121
552751
817000
224360
131375
340527
413483
461035
922551
527321
65015
34448
975709
199536
672553
374688
862445
75641
448292
637487
115666
341903
931041
128963
142326
356849
569223
491653
586065
988671
988693
558545
892373
371923
323507
784670
696990
376154
408325
56075
156655
34038
277637
823100
353143
541767
37708
323068
442838
683128
554279
329522
234124
572578
500760
114469
450832
296516
444217
709956
533091
912305
737772
76656
730887
36842
730258
545262
1325
515225
558894
443183
890292
281862
470216
818580
139952
621723
85119
238883
865952
287449
52317
790336
17057
474067
83623
225991
98290
404242
404829
616774
696536
53693
13666
759219
583996
639714
533171
91965
788406
716971
643111
127604
935008
209333
329639
953326
474134
134041
901986
317171
350462
484499
64738
595560
8011
347868
861151
466581
82339
223727
370183
297216
676583
828098
38607
109072
875992
128802
574854
632212
590439
298618
143896
375038
369598
854888
343012
537257
808950
411139
70639
480524
448277
392965
109830
996693
962905
84403
838875
900626
419700
261686
795778
291828
118390
508892
798158
651860
262039
125722
503213
449636
368895
225451
641565
379001
1756
67888
499230
68827
172470
584454
690163
162673
890211
602193
210449
524880
560684
511550
719303
742670
642083
513632
428250
393212
154300
278996
895848
85121
922244
236837
80258
526909
237943
970696
131689
740687
346051
993057
50803
25445
720454
611860
119344
286288
93559
473528
602695
523018
909993
194998
756112
721940
722841
179528
581874
39840
304032
518291
15510
479195
825487
343144
207076
459364
371380
551287
450930
750250
877629
279717
108805
273480
356136
665856
935481
893765
794154
198947
684813
26101
971170
38027
471418
276198
768853
991355
288539
817316
192387
754314
297367
623051
131132
868730
989489
906661
423949
593762
23086
9452
437125
300495
289206
897857
511748
737158
521631
306336
770234
169759
670736
661597
263103
606313
491889
877765
198914
590494
141147
663372
674619
558278
347170
226786
777624
88031
71627
256655
397432
714992
578187
235061
77102
645894
532631
82546
614186
713168
437245
333022
453221
585332
445039
368418
737733
643707
50605
950464
545552
818782
99846
897249
230449
729794
237142
945448
22674
462060
521750
321650
811172
477565
44142
687861
681451
131896
390030
831708
89885
320789
137900
846075
688919
939377
511063
252388
228954
314394
614930
53732
806902
819709
105725
997900
52789
507679
470594
381719
48707
608190
393993
794954
510031
60434
698587
266402
925882
772246
349589
535763
371692
313157
637881
437773
444901
984592
534036
658647
301302
841293
961188
402359
970241
421297
682843
696316
981289
130796
299167
114464
571635
381501
509127
979590
793459
541425
40730
122907
708957
577277
225221
401377
639035
546376
509467
254651
782993
250947
331719
566499
731587
683647
459321
869770
251504
425839
338090
500759
549766
605093
937369
83372
169161
141371
564823
505500
407727
788105
168118
332004
88548
765543
677498
823448
551741
407760
473719
376831
654412
885699
57227
415477
500948
692817
70115
499079
183793
726603
73822
989142
371443
980768
176396
50115
731627
198842
273287
817188
394819
655244
602793
812000
46587
614627
922092
512706
630105
188266
849112
70229
831857
27901
522129
360888
836581
88661
579330
5340
28577
425778
198649
179492
828734
335146
978400
82733
424728
655280
363303
456918
737129
734845
16145
367836
537233
240359
582524
281571
12387
637861
876336
325915
408797
334045
327037
382181
555713
756277
657307
525756
138190
836862
60931
911087
228098
690161
496079
596011
773710
64758
843869
657841
548605
618750
476496
748332
954165
911014
197063
682071
649854
221480
257305
842705
638792
874907
489377
864071
318311
453224
290389
734487
962632
868743
885894
414420
578995
948692
501014
520380
166567
264972
409856
363738
970063
241748
776046
449919
181226
858089
363872
561135
426160
788518
16799
825221
121715
247247
386793
533727
428080
381987
327697
924365
983872
159670
384393
915368
873713
884973
316464
538072
895271
603173
66262
478385
977213
601452
65352
982075
750766
958001
267537
101917
210243
732108
983234
585813
848343
405603
451652
951991
318929
568098
796144
270090
165411
869502
773198
376960
819959
740620
502164
996247
556280
625909
439800
403855
571723
689228
394507
373009
376545
721537
811597
994978
175095
506562
377294
49250
170952
496879
70309
888869
22433
173601
17632
934466
739314
365429
176496
987296
926490
761162
386639
858188
225852
712406
901599
678928
139764
643219
1959
335911
483808
999744
664999
190430
640306
889045
560638
152212
44056
709470
69266
316338
91674
98029
75746
921802
384760
439014
782948
273752
103606
697405
119634
604033
307080
210056
729563
289648
77725
898582
76073
423974
662059
614802
93114
61902
103135
369604
275779
936192
442172
236503
241214
179778
178652
214987
321876
903234
291715
460250
458531
162665
552623
860986
745257
104652
843457
351349
552563
65101
474356
472034
372514
14113
65508
650113
981718
957646
760753
271138
777908
487638
854636
282038
265264
198093
509575
367719
970640
934970
59302
583027
626420
680798
495511
49662
669259
340760
475936
908013
103266
102229
7578
159701
910701
482775
571475
901393
360443
866857
435688
849267
107945
960189
314286
657934
407211
750864
618356
927051
628097
873626
93694
364919
391631
200995
322944
227426
679740
862175
540125
409282
560707
165954
235457
549007
169103
135255
974770
746905
419208
469405
479470
517599
367825
219225
209384
358053
218080
709489
352825
583265
62141
990011
306791
951315
925300
583416
794197
160111
615472
688383
304126
171682
482674
647929
180769
85275
538138
24505
162552
183341
472516
695627
319461
834789
732862
453146
807565
242637
712000
217765
292286
379180
102730
544338
394673
234952
655790
744864
739435
872721
107571
887163
177528
999509
914847
581802
978811
906483
415753
535312
667950
76242
439961
190878
867551
362922
50276
661664
603827
49142
524048
777905
815317
275642
735493
813006
818513
506407
249506
185776
267747
801120
579672
68698
407815
694360
847242
563299
495909
955159
31247
340366
61875
749597
79972
350510
726388
294063
428793
461291
415696
408235
32352
729204
573164
479884
959885
349622
921028
763333
734854
249454
177308
720862
424647
561116
814442
851351
322221
122844
5287
465421
89890
378308
560590
419386
527730
636296
883717
766574
580581
17360
829136
197476
153568
688828
933771
201268
537942
350515
522504
420185
837825
636929
753032
25676
528441
773260
389971
130493
78958
899895
271510
480838
451248
44391
311448
813152
980890
695934
453133
457533
849131
519818
352134
83454
276691
462985
670023
939523
620639
89184
863861
760960
289581
271397
124338
898803
490382
21709
707103
312462
990948
859194
448088
125523
677468
591364
579585
880562
527381
920362
515252
148927
161978
503682
16293
607265
120859
449125
257308
527999
359838
883685
470969
808883
833707
829793
431258
693719
895730
644873
138769
190562
438144
972576
446213
197591
874935
516874
815989
724742
412764
486306
435389
476400
282519
947573
93344
297035
780463
996835
394165
167690
991768
701310
730038
651414
316405
816709
240624
948910
491642
27555
933298
772936
319505
991782
317125
687345
837130
401541
990616
625504
833871
209994
360319
240605
365032
547464
295219
646180
988910
110197
826660
197001
188672
185183
595752
684798
338272
458755
127339
813039
327700
770342
240825
526804
848482
860139
281051
826082
300686
876184
28124
134252
827498
607183
166509
777186
843016
832539
525821
375005
770415
175114
877630
609387
113775
462163
127796
20242
435561
398513
386787
830103
367885
512650
975758
641267
887802
985776
989848
270715
794920
922875
689934
124884
474611
482724
113871
83501
143520
559091
271310
38515
691394
768455
777499
748199
186381
597708
862959
789313
32374
742165
382494
365239
717897
986168
613851
468014
272332
70174
985823
451907
412217
820075
141564
410651
964331
419246
581526
380772
561602
277728
324574
789497
584863
335127
400396
501512
14133
988526
907323
623729
142066
159906
709162
393900
125591
555060
258351
708715
726520
901433
759128
383535
543500
54383
796546
669358
626141
660031
886525
343811
884802
891088
815959
8663
188118
660805
615152
755731
975626
747700
526756
756982
339595
888936
732244
547199
586228
149470
565445
833837
949304
448851
540592
828222
500772
823994
68248
801739
381031
163151
328873
70068
382486
368691
948811
859396
610992
543636
408211
851619
573199
794609
376765
968976
99026
396779
291671
794622
702118
366560
354196
549772
807537
817861
396601
68626
864867
37988
963986
273385
985776
353916
779919
857131
451218
188588
499484
886213
814163
320474
316777
633878
812118
696759
493915
105543
457437
740328
358368
169124
954356
891337
407730
87615
737492
347340
602037
687445
280393
633271
430767
973568
25536
746920
79803
131784
585077
924813
650818
347794
266088
800145
480617
476351
795338
380077
979154
57282
675753
641906
697203
142752
540306
388616
730684
60887
138782
340724
474052
649858
777940
706288
278674
516192
192611
436556
119776
159223
533485
651458
783512
14558
747289
801941
348066
788079
924135
374223
83113
784073
226846
990196
430840
797848
348306
158310
966954
319230
647267
78051
662211
421199
39095
616182
667834
282666
48666
458967
591594
852788
225606
460782
586441
861211
53448
130084
552406
91218
303425
719254
804345
194295
47396
593954
127975
669795
275920
495396
345388
450587
989572
15387
645501
385124
862231
990186
87120
380512
613902
529750
940378
433399
292134
556887
886602
906703
710830
409982
195859
579755
457475
760447
963119
283998
236523
418907
167004
575597
100637
733001
550914
298919
76562
566895
976224
578687
896690
955028
458593
110050
81007
811316
265694
281511
226195
160510
70387
761215
611094
242999
329034
415535
705799
318885
620860
437926
398900
40337
819901
908352
945296
678720
511378
53302
457503
432739
288958
463867
164277
797612
717907
121631
212686
397640
504808
333264
498519
905834
631530
137988
511646
500541
677576
503993
135892
541333
59278
967070
945797
923477
642059
710354
765665
695730
422388
487776
339791
622784
179738
800895
935981
228646
846317
798586
912847
509587
731178
182722
47863
148904
888216
227568
506970
348162
39258
663077
44356
781852
115995
464708
791470
425676
42522
740846
521705
452369
199938
821472
86573
702525
746874
590426
782314
283523
406686
634011
929404
927267
492795
759379
48115
661323
173034
574097
8972
290131
729664
16282
926897
76344
543021
166156
136047
475616
961385
794346
791073
313373
998676
684662
497085
290883
462180
509398
311498
436222
645896
912535
938134
670180
783270
744697
554622
362644
980585
695568
258452
345127
523900
21443
515199
483074
905672
286445
179436
154970
807844
601150
535111
830839
11074
591305
327811
412301
991003
629653
317668
698381
146998
984973
206226
458753
920531
954920
640144
302354
271615
850449
679340
808250
135450
559785
330681
357868
335176
892384
182318
285208
779022
881152
862948
956833
492504
501160
652410
30347
740982
634846
283475
105742
850111
125363
422064
264311
219283
889067
418468
78317
228693
515112
302340
814107
933671
695808
181507
295185
815934
491740
377428
579953
517365
919387
564870
854777
901185
3280
857014
327917
315465
986464
183100
322149
581767
782767
541616
996034
826765
135379
719282
906258
832920
630828
697593
73152
626620
91482
336598
508372
475223
34616
785493
706430
76549
358174
574953
299150
446398
137246
814783
301082
296519
645185
622372
78088
553575
680710
758112
161478
17887
890231
607046
178946
914410
156296
561154
733348
244215
735543
777124
943142
880560
772506
617254
742479
787157
137093
361560
151213
80434
378539
94617
312809
294708
472242
527109
403140
561134
311737
350651
667551
380479
405140
406285
888466
173738
857545
150562
843534
177832
113429
637941
694561
89215
110326
348947
433181
163159
932656
275480
110009
676085
328250
481831
163939
612723
196641
475377
451523
67874
354385
515803
927617
558201
846262
263176
971180
558185
406459
929968
962512
794790
814824
759854
981781
577729
578509
110960
592482
635848
414718
972522
14322
167660
44915
50939
1342
115847
965071
441408
519783
923828
267598
393123
333066
17670
206384
599082
380679
127079
972455
117815
878925
506470
346184
464467
495060
574450
464034
370662
109872
476050
916945
478862
455636
818055
598341
549635
462878
913091
658710
250942
729268
161774
76400
261989
25721
481834
897002
697618
50328
119619
373962
289835
536166
572854
839735
778838
956149
353713
106599
940523
640583
464737
789018
433118
580747
163869
243887
392003
907214
949286
337329
524377
85130
132733
921743
964177
804608
880194
128460
724311
918912
259946
875538
689397
170461
350731
143242
392754
195405
620663
585367
980222
482392
392334
523275
166196
844856
971618
7013
509915
557750
117720
25698
907105
659459
489440
526741
888005
567617
174771
48268
625043
783835
537972
126630
307535
63371
175516
911735
925295
746984
797455
881444
154206
413433
501410
99563
939453
529589
500500
145341
400724
295326
268134
627202
522210
593537
885269
531668
358846
8960
193643
691777
937765
874802
931404
782863
97459
258718
252945
72253
721430
230131
488881
9793
843422
620886
635808
295642
537637
628365
897190
219928
864127
695155
426928
414662
450853
982044
924117
369743
515731
237883
57553
237720
438564
222948
453080
943925
180569
201142
61184
568838
940821
370419
199907
56120
904782
217936
557071
116344
167677
873529
136607
884303
263914
705500
3018
973225
420621
370227
395060
569115
814435
582946
336438
913376
154249
74073
555493
313153
798510
201079
584479
950398
266530
250571
471143
935268
168403
89874
708901
587020
581520
565310
295078
505944
419021
52127
763011
713776
505807
831352
782290
692506
434392
81837
202951
120962
111016
502496
272383
560884
938617
834495
898716
507227
539171
752532
514656
66507
611169
643684
710225
340700
841969
663218
535768
284816
354700
949605
112436
236494
79094
531921
256786
953117
253976
55062
778403
982001
253114
137008
53399
451500
259258
320463
881247
640533
325712
258184
699452
39858
69579
528000
867812
881210
703904
594564
807215
584141
757171
670604
123635
648495
64054
266103
674721
534495
673627
537377
623260
337200
30153
752531
160902
364788
335393
936225
243554
988248
883301
600535
490025
108054
459086
539422
869074
874913
859047
655375
969565
909087
829037
315993
851326
494432
723517
88701
945094
499588
171360
884120
406760
959931
464345
162776
444959
322936
37376
898502
717559
60017
240716
590093
467753
10462
835897
442984
404536
215715
478199
794135
811576
278249
303617
631229
415813
441334
38908
66195
322936
821354
241085
257968
879902
433263
957673
378019
980702
795686
155109
670073
733866
7884
474640
721637
876987
997179
822650
467877
810327
993741
265017
83764
577567
334302
508500
636011
712173
906030
620548
459710
823905
676948
929360
506526
535202
4950
513801
913923
417931
61243
633455
180620
940798
102355
896331
564991
751381
80352
557668
802179
708611
189714
130870
783033
32430
354639
325452
109186
270508
778541
690299
460002
318679
516565
809810
918673
581948
30231
552920
5190
818686
15800
624488
381725
793908
288494
129453
964556
666451
616433
582434
243008
797795
780380
210339
875721
663634
22030
942619
453304
91110
439392
936697
720982
466932
7913
48329
905291
951474
383150
452287
852092
662371
87084
457924
514465
319390
926073
665068
856884
490350
451717
62593
611956
524118
274939
356556
995676
751127
634701
435884
168219
991267
229557
81754
78571
744356
136539
314702
822335
744486
221069
337406
615757
906489
28879
206593
69922
751755
868437
531025
562838
155926
314316
863199
873234
52055
333237
449217
953383
589078
622150
755185
409289
387124
246157
223035
855165
790736
407128
970789
578386
526644
789677
842874
142931
191852
912075
929191
776371
130387
924571
590504
732359
715127
614538
892963
497994
492234
766293
337897
843188
881308
317979
629159
931209
385952
40762
445047
1126
923931
382071
273779
832044
968980
688385
577
151240
995498
531520
928842
524926
6313
723895
43876
562894
362646
310169
169122
804429
186017
264219
9510
688964
812107
640716
753741
631805
612784
540535
182660
472641
414419
355931
534226
582397
486705
412537
169940
939531
652765
266470
483075
445347
614014
210570
216640
603610
36606
667744
591675
218748
720118
279459
335997
672211
989930
925299
468526
576204
174944
154510
510484
327938
585314
295310
470769
784824
878847
762629
955893
261578
161133
41607
596564
233668
606706
766333
85528
77296
191692
689441
441208
112428
451629
82668
53484
17734
208449
67055
173127
701306
687895
150814
176562
237576
493376
31365
201669
316642
39164
380142
108258
429582
955256
833939
84998
57268
501394
290531
136426
999975
561856
37657
556901
443021
196075
288159
140830
429766
63304
127112
310990
863744
555531
755409
142899
901107
364928
876229
527229
252727
253751
95566
30286
28776
82639
731457
155624
921707
940344
193601
248020
637303
633646
791621
595860
534542
57326
174510
570221
885723
833115
126503
954913
534818
440995
599379
96308
897111
74150
143561
527031
272506
518451
892352
931874
719733
474177
127289
810229
404797
930971
962693
10449
590499
562266
577245
152713
457475
215938
926132
242269
245918
272772
561385
936343
240876
506072
441330
475662
18972
593950
69507
36287
456175
539011
245460
56350
50840
217215
145831
57877
166075
31205
255388
735325
556017
879141
58640
463524
993394
148374
231125
586348
823508
636583
702472
471072
967800
28418
112629
326755
635949
530113
968148
368453
810870
208446
974477
510549
674158
569802
223942
932076
922836
823251
179728
620979
498087
195090
373588
41196
542778
437115
152247
462903
120668
827840
182269
396016
965082
967321
329847
232421
281095
504238
140698
712947
95063
439000
696977
257707
290411
934395
660420
955493
179588
916953
481512
436062
619154
308622
38704
231653
640928
27877
492911
567205
790501
330764
410005
437992
80020
194455
807514
11494
381240
329635
66148
627542
819385
621541
440605
724034
485770
227996
697573
306226
986924
54391
421321
759657
164671
169096
899552
557187
111576
264017
199065
264281
246709
391734
246031
779036
742397
179532
674858
101376
566031
310818
539262
697922
35190
205342
223072
915449
570645
397202
228271
743499
977884
513858
617642
578251
754227
191358
636738
339783
47952
248439
791882
763000
506190
935138
984999
433799
934349
798853
343148
147614
642884
243697
424447
943818
706862
193014
846226
549330
970292
131563
302507
362246
323690
465712
531445
684278
653868
296566
988996
361647
110875
638740
942270
631086
717050
548218
681939
467500
896097
779010
6007
581040
374945
429492
842776
262511
882447
914187
244111
641428
739864
418723
624439
920097
58450
912934
214819
196836
170318
927329
477412
992904
409998
582395
306585
613185
672873
888318
668734
242784
115426
24221
527702
595927
201535
262866
368666
840349
355001
378635
637172
85973
954803
461357
901430
488748
509825
966873
562462
758108
231769
399
790905
631384
983279
602412
614657
551678
66809
949997
231883
677486
352805
297080
208482
123643
956578
871778
734655
362828
753468
603672
467749
526470
204232
186123
773220
303187
603262
130406
314673
527687
752635
61404
594827
564696
259802
430974
705100
410741
538510
498214
379685
355869
828226
160086
738776
626233
624660
850730
401226
302125
609613
546559
250541
159762
299422
162818
353624
205518
399268
322109
948585
947237
353072
740124
298558
330103
95089
744700
267772
615220
256791
229667
88537
462916
668280
275752
580290
911875
621682
78004
209472
727246
249210
868350
36568
138005
889371
88829
955642
69777
230767
128804
647269
634581
186087
180251
400876
20177
653266
772539
122730
387096
781120
235799
935958
926262
225043
615907
949657
474893
750810
101671
175372
845489
443545
566293
662777
644239
186669
380031
885257
303307
421925
949976
2310
193444
953519
715073
310467
778143
295988
123720
316239
352422
713458
458969
921852
422315
633398
487823
816001
736411
40482
759886
819200
755616
901963
897111
180663
258665
712706
475840
67917
331509
43355
525321
62238
105614
463531
812140
192171
679126
107469
787250
181139
882773
293778
153673
859942
922049
659543
543058
71445
322732
136183
493216
866120
212503
884193
938718
9700
839015
630507
321988
850073
265606
298070
565659
535807
738559
865105
472434
34457
701987
759406
190015
587306
968668
502663
980987
835312
119662
421733
680795
535614
932304
795169
859784
827670
739035
352764
886607
350455
523636
335104
642403
660325
462435
404565
717619
845622
283416
810938
770669
115200
41542
966595
421350
961320
867267
371756
864090
231681
105659
315015
501877
428425
200164
985044
552042
530423
762872
284502
983459
595952
249063
724582
364494
739756
829125
778519
54386
67336
521093
903589
121665
512662
393080
662195
694013
441407
435395
462992
849242
164316
64560
621777
544772
127323
163085
656309
981080
218957
613877
414961
1360
348669
713790
518829
214937
228961
699242
244945
769734
874748
549189
568474
452984
434770
330660
237304
254349
443178
415767
320975
892475
199924
153459
891442
361615
179822
102250
727453
235846
14721
938819
965620
742848
208941
69018
151997
493152
678149
506635
648388
525793
449861
32845
675092
710099
538375
911960
313066
384347
386739
947930
297835
540243
248787
856055
371729
182768
169531
952511
876562
497604
331190
615616
158691
396825
453565
394607
918481
950473
728592
483942
438752
767724
957157
333055
78114
137451
564354
977087
73481
292777
729147
472527
475874
930998
167574
697325
568017
177083
596163
193475
446901
273277
9530
203219
98539
203299
988363
218725
376170
105933
127395
417237
716053
219219
686212
217002
935980
964621
626036
859779
372768
455163
841403
987801
261725
575281
305736
455157
674857
896152
359366
640683
969355
91091
920152
812345
822859
989824
436250
353258
405072
288592
944412
922557
309045
506683
407618
86276
795288
777970
982090
851199
660001
864777
753561
494713
710142
478790
470614
31720
544820
535519
368939
512294
996706
276847
583893
692497
726483
993493
296574
586981
424505
199760
732228
44052
268225
876083
365909
138350
173741
955242
116337
878197
642519
603732
65661
648946
275028
250765
988977
624795
211563
934718
233260
732768
74925
959497
296629
552409
259580
192720
455375
792034
354186
685517
12738
524365
79547
956345
435183
305964
751066
171491
612039
184622
288016
795843
402349
663082
27053
408949
81971
454701
609380
906876
165962
195943
255090
107378
373022
13833
653282
631374
448731
1345
566561
43652
601762
511070
64481
934683
433285
632686
352572
105716
146575
375765
346697
754384
659754
475302
901878
260827
360182
323232
984058
186446
777958
306462
677278
728886
861326
969058
789243
494933
976096
578484
913125
627134
586417
540353
482767
494405
785564
70495
642181
448075
286838
259971
295670
706933
287569
674628
314604
836006
482223
12386
626593
62119
613738
266295
956688
861653
956107
728481
573315
796661
830
960950
848624
288893
188821
349324
141366
348558
525115
558849
549202
630585
250471
735419
145289
142420
430593
396644
369679
820666
794356
957130
477944
749788
58821
309802
254372
739877
186826
423757
594456
351326
671365
549574
7480
24648
64356
660501
316091
708904
350517
714695
45081
504845
606293
160553
586182
868115
193484
710221
559309
241834
5353
963988
649773
765221
530002
950189
790387
213400
62476
564694
108428
425619
351797
544171
568218
184393
540179
982401
282048
17582
19624
956446
458781
350612
481973
788229
879765
173452
294991
237014
464057
505466
146689
238598
181816
931346
295511
111397
180031
720689
168845
873901
174770
127146
501354
895464
490243
149436
358481
600010
76289
29436
194118
85811
379987
64920
334974
973358
308392
321231
895712
824840
885718
530264
374488
435318
502602
401787
260509
54479
196676
497262
2607
245840
232861
46981
882474
924713
540686
130403
824369
662859
163391
557045
46807
28742
914050
310306
339995
679732
856996
904032
151492
463655
900683
508135
56439
709182
27473
620227
860256
233554
913269
387493
496805
800788
402085
471746
77271
952811
889539
226713
621738
900052
319503
12465
79481
820452
168402
789635
287780
279460
492333
559326
292320
944562
28945
198618
584291
891705
894257
757642
758316
837506
133923
743668
420734
372186
896160
433908
346184
144081
182790
57002
721575
23809
75375
776488
627976
821594
874653
56768
46970
409485
63902
201511
597258
178318
266130
994285
264628
486470
549636
122576
118878
913759
631357
817332
192101
920746
299646
110108
545754
948745
293639
265368
46816
227603
644931
907336
141773
695124
763949
528560
286799
887598
871342
4620
289173
598780
634451
171575
498370
745959
721878
141671
577335
52637
330180
434444
420533
651754
759561
206180
588570
830968
339695
136952
292179
534691
574403
513826
516594
732208
186999
310687
627896
622881
455870
710899
967753
964297
673252
948644
641420
146154
974567
979696
337041
371278
189796
825836
927635
884234
293699
828776
129646
312871
332765
276531
431702
190273
91234
597119
195638
550742
716970
952231
153775
772704
649277
581804
754245
69743
189197
335683
278566
420739
536246
918863
193091
494098
580228
143954
478135
967619
238141
179163
46103
122878
438615
338829
689544
66836
713446
968290
410215
790772
915479
758610
957029
400356
817072
855212
186536
840354
902260
933728
128135
641929
14297
551135
525253
509614
254676
342162
271540
201896
747946
311577
25637
598151
401702
588671
759442
597980
362482
634733
968669
45515
873132
107374
780697
534031
626367
873559
868656
866345
759198
98288
246236
292168
976565
724878
613876
351023
954281
611077
356694
747729
660288
532896
7687
221026
7474
322472
143963
767969
896019
347948
238657
633029
383355
491101
763503
342815
204566
604951
294209
829188
349502
134265
543976
750209
760387
336727
353344
153875
76572
944098
769580
579116
964554
153715
128373
595737
31746
835339
470902
44523
733169
885776
692217
721035
57506
255279
145984
436090
759726
585745
341981
277659
531084
446493
438757
270487
765236
721171
669140
924561
22047
947611
108233
252233
639387
230379
492492
388683
109806
844624
556282
734002
468855
119935
431350
312152
329428
348584
407706
822701
696597
214662
759364
690955
280439
892319
876450
474784
683609
24655
54913
828755
864465
482738
10269
868167
839724
631395
179034
319718
527964
957012
973514
756869
773806
433914
670625
82833
422906
571901
864005
476069
534311
347451
842495
958441
972850
327135
263893
318752
419020
533345
155346
994191
291927
743012
826357
390122
790722
129212
770378
622626
795781
823207
163134
933035
523195
551252
84120
465713
160391
107773
932216
261603
375852
647596
586728
810478
316175
363222
632927
661710
568165
257595
895833
156606
477897
570503
625996
87830
590280
797776
34194
334924
363299
291178
58102
499419
114350
600210
964553
372724
527605
346024
431289
277427
779287
364661
782307
13741
902825
911196
721697
825422
58638
164720
484981
892306
859402
545507
7266
859385
506081
757696
244936
310844
224374
175982
879533
262604
102600
296985
675832
714849
828573
995351
929828
558707
442211
505103
584884
851893
378972
668611
478869
428292
513015
869325
376938
958753
305126
583010
396286
47823
985211
915227
719461
101431
649124
283088
393356
957588
927059
131623
664670
457174
222275
530699
949160
776949
964851
923202
531196
852006
169449
788872
638914
299478
635659
229984
47156
470811
178845
77751
806667
762450
998791
681201
806640
753837
295601
757134
583036
666497
251571
408983
464649
838862
906016
863247
524141
869353
936120
190670
15997
402939
384344
720240
415261
486658
147375
734691
250950
566836
857185
534347
644541
909520
637320
758037
993293
802392
313529
398939
34297
473917
736499
716431
348828
688638
382632
962529
553429
684741
109300
536993
366084
762382
938186
427604
679078
759548
205830
370816
239746
657076
557820
981621
928504
280209
13075
542443
397889
936363
288406
351966
848744
512815
248026
312465
232067
390723
918474
707428
416129
988177
800552
898786
495430
542001
428015
934809
336102
156085
452249
778930
816986
657623
214249
800568
946322
128914
956539
244654
790285
238684
172073
816248
115699
503043
523666
714674
350790
646110
776184
938235
937918
113318
541934
262303
915577
68391
808993
719530
844363
960182
308451
656901
779498
213314
376138
308811
856167
527778
861109
48140
284161
593124
936483
79419
775870
731199
401784
573819
788323
500796
677039
647445
345026
407645
305371
978479
179029
636959
670035
639186
210564
283998
590208
344293
491282
913450
79004
3308
768262
830619
78583
834892
296449
385204
243596
784191
16778
29341
625534
123180
674011
487078
678149
43157
595681
102504
58183
254342
469902
54925
298011
856910
539494
232057
783204
130322
667531
681573
594032
992590
689698
139624
661577
193706
613117
596334
320874
802134
987403
151055
630894
197796
972194
756364
519057
827474
228092
294997
887801
385597
791505
368942
690885
772633
728035
374209
962547
55694
447173
501486
558882
879270
977890
340346
561234
933743
340874
554016
213259
783871
983884
914680
903959
974260
657083
189111
532022
131570
820204
668283
592349
549686
997129
787723
354386
592862
661535
734789
933654
952312
29058
69792
868609
132450
823056
139059
88812
839890
739320
337634
472823
459208
346394
266838
49619
599556
237050
992649
620394
285250
407657
955516
942560
990787
8397
942773
847953
386715
501952
184996
213863
307944
35620
456888
521844
767263
709251
28566
626021
466059
263682
576509
205642
854784
799240
696873
62443
724835
53866
884013
721622
331238
218089
27672
105318
252145
490103
502136
396807
272376
892401
342554
444977
43244
950572
73584
996807
951947
376559
259432
538726
520965
740272
589258
891016
745791
755016
310253
768362
789976
975338
608533
181424
302173
771446
222373
869757
642232
47059
989566
986941
531884
543501
845840
737990
366947
968197
483565
658070
950564
390170
654250
160348
28235
688368
982065
918419
396608
736641
653122
537563
315469
773786
298782
604694
628113
365429
859698
305477
367986
624965
653838
309856
179625
419184
600268
447488
82158
633476
371991
833787
59027
116937
468127
839620
435871
853109
463804
882148
325248
681975
406753
768472
449983
629717
599240
9465
347352
888662
644911
468728
687601
364940
468729
650494
70972
113645
388232
681338
962331
124839
886205
437484
424403
406323
815280
93488
595378
248452
14914
182336
409764
992355
840062
894057
322701
462199
301264
257845
484823
737797
272111
571535
518356
417389
623130
209609
188079
378073
36147
294027
689666
234339
484349
926175
520863
541394
978933
832906
741488
64749
834661
274624
417392
773304
404681
601734
815269
956332
373840
634963
137254
710889
796510
387389
879729
454473
433903
473654
264995
388202
796355
190345
426443
108173
512701
162910
970621
68544
230930
76658
731221
518912
854573
267546
575743
257310
630107
244164
859919
571591
903318
105027
143685
842810
873571
408461
232853
243995
926640
495898
589241
592181
896654
581137
2379
107734
533365
380590
153310
678724
444953
729184
536269
981288
952830
355309
465836
997276
570345
85021
665152
141959
813925
786442
48298
969229
156973
705225
793850
406762
947296
86572
825624
323424
393399
968678
157653
980598
576719
41260
104518
17858
174981
482211
539720
692994
218778
645188
672755
60241
883150
665298
79281
495967
384824
117016
853732
435435
649467
285547
395723
899548
625149
946620
594462
352876
942273
422292
556398
23420
504688
265857
815808
933599
807936
51479
951292
942123
373844
824619
652712
558740
719984
499704
623399
925607
129042
143318
227390
156085
786676
914117
156351
367135
99078
444063
980785
677631
226620
839986
938110
371748
386564
208727
339343
363604
123850
57719
686653
758029
727632
38496
359114
665842
260307
493967
253673
975634
668904
275466
79055
756179
445247
230955
477721
515046
626839
226493
555552
807875
84794
293973
526350
695847
347825
872059
145576
180151
415478
43371
91245
342731
331530
363407
212439
592378
249318
20866
239116
8057
358673
543465
628189
268304
838801
312728
791041
332715
42751
869792
788906
429780
534511
377063
651850
5163
86128
452556
877023
330946
352115
381917
505366
401141
781452
480924
988700
99472
249851
721666
388444
49387
441708
704809
20215
956529
626733
102008
458418
623529
756571
953204
17254
722338
916770
170143
848868
72728
527580
590258
706303
774918
390023
370423
479500
840960
877256
927092
713026
311347
927962
6513
476768
724001
892293
614769
902163
116765
768725
832253
672594
376977
148151
145997
676275
185873
166760
134679
894225
220533
650462
230575
193347
177384
641387
884723
230272
311814
36418
499382
814558
836684
67706
447480
228678
763647
15167
122815
852362
748608
533942
665989
875110
403727
24885
967608
217365
568422
166706
243151
767148
825509
53266
771218
471280
943097
308188
526021
456748
804117
838863
33324
922632
253377
242979
116403
550690
104407
868344
692854
319330
341276
300888
163269
405633
508440
206771
451603
149804
50266
444719
982360
591626
596128
884390
249026
120234
783543
246091
206694
783880
335860
453468
601765
521837
855363
111412
109885
311635
137353
174359
621786
222123
782135
143670
246583
34371
235471
114990
354506
768580
812359
996241
716738
526640
674144
552971
8423
439544
172035
202118
449005
151800
523689
6459
828854
822647
861494
741165
344555
81474
985935
605159
381729
280480
511340
687361
297185
196118
864838
913865
796301
730151
153145
600605
36557
460484
782830
812309
354776
482067
45569
39467
98178
339251
988660
929826
908673
698950
366935
299489
208427
140087
630859
383255
228206
257163
118517
181283
146318
176656
297269
562953
771003
216579
290971
898425
420952
515842
437541
93
519004
113085
751785
539323
379373
866137
240679
292097
404283
295794
306780
848425
798340
160225
648589
417845
84450
691303
51842
285899
610233
180729
856841
64819
284772
552573
724029
393467
629305
621316
857359
218430
190577
241265
198912
466885
907129
262676
178699
348512
681341
924878
247361
79339
150077
417362
608103
474866
771336
955572
17136
158799
669545
111638
683089
752583
22344
636863
200722
753264
639893
700240
267162
368466
748716
799372
868763
523076
828407
965957
931104
967546
146712
935753
612417
18445
432800
729259
800789
942423
876030
480755
40393
859051
798699
58532
977321
704773
884679
171354
675062
911965
329062
685133
55174
42733
737782
637006
964836
658449
511410
87139
716876
795979
217051
240474
808542
239281
828387
279146
581667
533464
944735
503267
684898
310416
221308
400134
505258
704191
759665
930707
34366
394847
83061
449465
90976
341666
829216
801891
493059
895901
279783
423356
911275
16332
219625
494622
603563
843822
229142
300364
903848
148692
64635
832526
667586
648499
894983
97119
249001
42708
515058
793591
104301
38712
742145
158146
581551
759216
648805
764714
572424
709050
644158
187940
503677
471127
436778
641908
939086
562755
987769
723636
21915
513113
540402
905281
201923
877329
506347
715109
84101
301172
281429
496342
712300
910413
643946
263280
233780
698114
974141
739740
107160
630404
826648
745415
172392
588545
99072
189378
587082
417085
564404
208127
942677
83211
270365
656439
745335
515512
16016
919746
882881
331682
772694
605534
861530
185390
325672
733190
74735
111578
78417
955724
330037
170933
841907
775098
144620
877526
531294
500780
830095
629755
976304
18348
838776
690552
41434
985422
511903
355008
988440
546712
551703
177847
933335
749644
211024
822637
649879
693381
179181
285382
673235
286371
983199
646359
345057
414993
877162
165728
658930
126543
685789
211582
398525
30841
823756
116129
396386
223197
811573
36219
536500
830765
752742
148842
413529
612051
497247
59488
561077
383812
108375
270798
743702
117068
232218
998998
317691
947786
523241
342957
116687
380125
649596
431915
761626
665562
831412
162068
852031
750735
908959
722263
90271
385267
660803
983275
672939
224280
305972
128338
212826
592625
662718
121839
291487
753654
914779
143849
240107
399037
303853
85677
565067
389358
693140
356754
711299
121524
778223
919580
762920
560690
199037
57147
478426
70423
610389
349371
190034
227664
570880
884211
616573
279386
117435
125695
378164
725622
432657
79793
634824
609014
510180
881579
202578
731418
859796
966315
721880
58274
853522
582586
992135
408033
567839
366950
49171
971596
745978
961307
270240
193735
54004
920391
58377
832828
873663
277147
10748
165677
840830
611666
427607
533056
295758
961842
188509
254436
342888
31403
660200
47305
539622
999097
999262
143754
929885
855419
337514
430928
788621
483060
40223
437173
185724
146651
842478
538090
401303
302266
578123
816010
296151
50845
75491
407735
434005
198513
412437
509834
379858
171920
808733
187488
896763
646079
292656
14782
371801
711731
143038
398105
506372
382308
917287
519342
985245
343687
956210
753667
988924
797840
502243
366442
658469
647210
570313
567848
796350
614582
122461
460754
393722
667295
411952
239505
820135
119936
73194
539158
284951
68398
863988
21942
321665
413530
887671
809393
773783
370076
902741
149418
667275
874620
15200
50346
936034
828048
642044
806736
927370
348804
829807
35748
70023
788316
916164
490959
401085
394997
255117
295464
393760
702398
588668
236371
204174
784037
510468
708473
283836
212706
644168
885346
742876
756668
837267
257833
442517
898434
72398
182747
155890
432438
674
281716
752404
814182
187849
435025
714505
913745
115137
865228
740304
20099
618204
936913
677000
397274
271019
156653
222450
735479
905347
514941
457416
990215
46115
103488
168805
720444
338704
199604
181171
189738
451885
364385
422316
515476
638626
267694
371752
509170
841749
52665
219652
308337
115066
168540
575216
979995
971953
220778
762801
810547
542661
592463
342486
563172
865657
632998
131874
283786
767981
689914
512487
452931
30933
181810
936701
74936
126463
47025
214454
284745
54556
831408
462850
435421
256697
669189
219530
740866
25535
808551
834822
740120
410639
104037
687206
898394
255619
830494
682070
409773
762079
317626
309616
574334
529458
814820
350454
437872
507796
172703
924099
386940
465358
315091
864789
669059
550034
630566
238461
819917
636745
606448
831767
402450
83516
493966
996671
638201
145644
241636
504427
517206
781156
944337
293962
521298
341037
608672
618378
925703
610283
774092
525976
127817
248012
145251
838592
222832
382027
483503
426714
160762
976135
611275
2472
278670
903707
401924
543917
713972
644091
614188
12039
914312
523084
8063
996788
876281
105693
522040
562385
308501
579634
789420
339513
936955
343259
756262
881320
875727
144586
869526
96694
71922
606367
196792
439682
982562
725129
917785
410729
175144
819537
904697
143854
32726
528742
799089
10815
135614
936488
169185
302913
147770
923340
131339
30520
259874
771614
119041
724284
431007
161489
909920
849723
801291
122920
967587
126807
500172
158407
770841
722055
258542
578017
261283
636454
905908
744130
804410
367765
869157
73263
268161
783495
476518
640893
216450
57145
409808
702037
572765
701050
420492
480378
939492
918171
926598
969921
951748
143436
451015
834209
946924
908124
941840
181460
65342
641309
787173
327879
224031
869709
731394
278170
330314
983612
836771
12158
122051
980583
274624
