9658 -9403
-9992 9023
-9025 9593
-9205 9312
9342 -9111
-9298 8940
-8449 9750
8850 -9249
-8360 9692
-8426 9488
9249 -8261
-9092 8220
-9293 7944
8061 -9144
-9709 7542
-9445 7721
-8962 8108
-7717 9386
-9232 7831
-9033 7959
-9591 7466
-7727 9169
-8633 8200
-6991 9787
-8128 8413
6796 -9864
9311 -7170
-9099 7330
-8619 7726
-9936 6670
8055 -8127
-6681 9741
8848 -7347
-8847 7321
-6917 9321
-8652 7418
8362 -7672
7087 -8956
-8678 7297
-6492 9753
8935 -6962
7170 -8590
-8507 7205
7282 -8344
-8215 7266
-7656 7767
-6294 9337
-8593 6805
6162 -9468
-6800 8502
-5877 9744
9689 -5899
7252 -7759
8430 -6670
7316 -7596
-8914 6192
-6190 8914
6670 -8261
7214 -7609
-6985 7848
8419 -6511
-6052 9057
-5737 9378
-9497 5634
9016 -5892
8508 -6240
-5660 9372
-6013 8796
5989 -8788
-5757 9050
6487 -8006
-7220 7187
-6485 7968
5678 -9060
8596 -5963
8347 -6075
7187 -7041
-8307 6082
6274 -8039
5416 -9177
-7347 6713
-7170 6876
5059 -9722
5191 -9455
6212 -7893
-9015 5421
-6039 8042
8134 -5902
-5302 8929
4795 -9798
6168 -7517
5771 -7925
-9528 4748
8850 -5011
-8208 5368
7952 -5503
8643 -4992
-5571 7716
7374 -5804
-9477 4487
5963 -7129
7675 -5498
-8845 4738
-6477 6465
-5406 7728
4869 -8512
6315 -6498
5480 -7477
6785 -6035
7092 -5771
4343 -9365
5017 -8104
9507 -4260
9881 -4055
4642 -8593
-6374 6243
-5204 7575
4839 -8113
-6943 5625
4485 -8683
-4457 8678
-6730 5722
-7295 5271
-4323 8831
-4011 9498
-6598 5767
-5934 6395
4882 -7742
5202 -7202
3785 -9898
5318 -7014
-7972 4639
5957 -6207
5967 -6188
7360 -4981
-4054 9020
9745 -3730
8230 -4397
9620 -3748
8741 -4075
5681 -6264
4562 -7734
6872 -5105
-3619 9692
-6578 5325
-9028 3870
3607 -9622
4038 -8569
5111 -6751
8257 -4147
-5191 6574
-9741 3497
-6505 5183
-8460 3982
3387 -9946
-6930 4834
7593 -4400
-5085 6417
9638 -3366
3863 -8391
-8043 3999
-3300 9740
-4905 6539
-5385 5949
8117 -3925
-4054 7792
-5255 5984
-5442 5764
4758 -6590
-3264 9571
6963 -4440
-5186 5941
-3614 8512
-8786 3479
-5671 5349
9640 -3118
6402 -4673
8245 -3600
5852 -4995
-3199 9136
3877 -7475
-8835 3257
5833 -4914
-4148 6852
5959 -4737
6242 -4486
-4912 5684
3341 -8258
3061 -8917
8575 -3161
-3034 8873
6683 -4020
-4677 5713
-6923 3824
3356 -7838
8508 -3086
-3379 7765
7085 -3670
3187 -8145
8033 -3205
7011 -3624
4936 -5147
4187 -6064
4790 -5180
-2816 8805
9742 -2542
-8010 3078
2703 -9034
3135 -7761
-6068 3994
-9505 2472
-6245 3719
4328 -5355
5869 -3947
-6985 3301
-2387 9588
-6928 3289
2902 -7789
7865 -2869
4010 -5574
8691 -2571
-4039 5496
-4917 4470
2292 -9576
-4451 4918
-3904 5604
2152 -9969
-4279 4990
-6241 3416
-2399 8697
-7238 2840
4540 -4504
7011 -2908
6458 -3133
-2259 8934
-4343 4496
5853 -3333
2465 -7906
5573 -3461
-3183 5985
-9997 1903
-2729 6962
-2651 7153
7154 -2610
6783 -2752
9597 -1937
4942 -3738
8476 -2178
4116 -4468
4975 -3682
4589 -3977
-5811 3126
-5211 3479
2579 -6822
-9936 1761
-6653 2628
-7846 2225
-3576 4871
-4392 3956
5555 -3127
6546 -2648
6586 -2598
-5477 3107
1817 -9360
-3351 5054
4272 -3933
3456 -4855
-7982 2088
2966 -5558
7921 -2078
-2280 7200
-1777 9181
-2859 5624
2002 -7996
2007 -7973
-5242 3046
2308 -6843
1781 -8850
-2554 6170
-1978 7914
6828 -2285
4449 -3505
5259 -2899
-1657 9187
3726 -4046
2726 -5523
-1512 9945
-2965 5067
-5146 2906
-2827 5247
-3804 3837
2151 -6769
-4114 3520
3845 -3756
-1580 9077
4589 -3116
-3842 3710
-1976 7135
2528 -5527
-7781 1778
-2566 5338
8875 -1538
-6989 1942
9166 -1476
7241 -1854
-5646 2349
-5168 2559
-4051 3222
6545 -1976
-4924 2582
5719 -2218
-2426 5130
-1824 6819
3109 -3997
2885 -4266
-2352 5211
6108 -1985
-1588 7546
-1448 8203
-1306 9083
8933 -1316
5019 -2321
-1330 8744
-5229 2199
-2197 5225
-1866 6123
-9476 1200
-1550 7327
-2231 5062
1381 -8005
1917 -5760
-7673 1437
2246 -4881
2757 -3972
1254 -8693
3696 -2934
-3247 3326
-3327 3205
-2583 4123
-2909 3651
5381 -1967
-8129 1293
2391 -4387
-3215 3250
2241 -4641
-2500 4116
4179 -2458
-1164 8603
3472 -2854
2351 -4115
2048 -4682
-1379 6877
962 -9601
3421 -2683
934 -9682
-1993 4414
2925 -3006
1617 -5398
6486 -1339
-1598 5386
-4266 2006
5500 -1523
5460 -1532
3300 -2504
5683 -1442
-3252 2512
-1242 6458
3533 -2266
1209 -6611
1998 -3966
1108 -7148
5828 -1303
-2999 2531
1164 -6520
-2408 3082
9218 -794
-3672 1946
-9202 768
1443 -4883
9889 -709
3350 -2092
-7503 926
-8171 838
4700 -1455
1379 -4862
-1772 3772
3848 -1715
5952 -1101
-6865 943
1506 -4235
-8505 748
1862 -3376
2904 -2135
4650 -1329
5206 -1178
-1869 3248
-5005 1179
9046 -648
-9932 582
4123 -1395
-4638 1228
4193 -1350
1928 -2917
1026 -5293
622 -8686
2628 -2046
-3139 1694
1410 -3727
2647 -1975
3080 -1694
-1022 4949
2753 -1816
-632 7702
5904 -823
-616 7709
3770 -1255
1208 -3907
-3554 1302
-4027 1148
-808 5614
2192 -2057
2497 -1805
3019 -1430
3826 -1057
-1634 2464
848 -4672
1083 -3657
3729 -1053
-5235 749
-3129 1253
-3351 1169
-2293 1705
8590 -440
-1269 2970
-1194 3086
-838 4374
9456 -386
759 -4593
-3948 853
-3992 841
-1265 2645
-4211 770
1481 -2167
-4730 631
891 -3296
-1446 2013
-1439 1991
-2710 1057
-336 8126
-329 7996
-1025 2461
-416 5985
-284 8571
-2869 847
-1316 1807
3517 -659
1143 -1913
1129 -1928
2187 -980
2689 -793
347 -6128
-2037 1037
2433 -814
-748 2638
-6872 277
1451 -1207
-2663 642
3738 -438
395 -4111
-2331 689
-1095 1415
250 -5986
8117 -169
2541 -494
567 -2209
-1035 1191
285 -4271
522 -2256
1392 -843
2109 -508
373 -2722
-9628 99
-309 2772
-458 1840
278 -2764
-3378 226
887 -836
384 -1675
3912 -149
368 -1496
-306 1775
-2053 260
145 -3551
8924 -56
-2389 153
475 -530
5300 -27
108 -1304
-186 736
78 -1516
9162 -11
-8 9357
152 -428
-12 -287
-574 -45
-14 -2573
1031 66
-122 -1081
-6165 -23
-79 -1848
-52 -2869
-5682 -27
48 3896
-5258 -36
3072 66
8404 28
-54 -4953
58 5843
-1197 -301
-1518 -245
347 1249
-3083 -163
-447 -1156
-261 -2521
7836 84
-230 -3318
-2635 -299
1190 669
-166 -5033
-226 -3802
-793 -1256
-6641 -159
-204 -5454
175 6598
1322 1001
-293 -4611
7846 178
-4867 -289
-1463 -966
7398 194
-984 -1563
-3778 -425
317 5073
5367 325
960 1823
2619 671
668 2638
-767 -2412
-3320 -574
-476 -4010
-2575 -746
-4012 -480
5554 353
-420 -4706
-1452 -1381
-242 -8309
-4466 -502
-374 -6046
2368 957
942 2416
-2469 -930
-8265 -284
1097 2271
5133 494
-3548 -739
9994 268
-1865 -1439
378 7120
3854 701
3853 702
-4312 -635
-289 -9592
419 7170
-2892 -1081
-647 -4832
2335 1342
4787 672
-329 -9821
-1099 -2972
-1369 -2393
-2061 -1677
4046 856
4585 761
-5128 -697
1618 2222
4514 797
-4944 -730
5379 695
-622 -6153
6750 569
693 5641
9327 422
-1376 -2950
5260 784
-2687 -1535
6779 618
1426 2987
743 5824
1129 3849
7405 599
488 9292
1279 3641
6937 674
526 8980
1427 3398
879 5604
5443 920
688 7458
-1924 -2668
-3581 -1441
-3962 -1317
-7142 -742
7830 687
3678 1466
1183 4599
-1183 -4626
706 7860
984 5814
-2807 -2078
-2033 -2873
3639 1666
2174 2868
-7410 -854
6519 973
-1232 -5178
-3381 -1887
-6672 -980
-1680 -3929
-685 -9941
2344 2916
-9383 -729
-1672 -4106
-7511 -918
776 8892
4708 1478
991 7074
-949 -7395
3040 2310
7513 949
-5246 -1366
-761 -9501
-2691 -2693
2066 3520
-2941 -2479
4262 1729
2489 2994
-5912 -1262
9546 788
1085 6952
5984 1264
1799 4219
-3192 -2395
1483 5156
-8466 -904
-3735 -2081
1729 4603
-4261 -1877
-1488 -5468
1245 6558
-2089 -3935
-3077 -2688
1670 4957
-8814 -959
-3713 -2293
-1033 -8258
-9486 -908
-1248 -6925
3579 2429
-7500 -1171
-5280 -1683
-9930 -896
-4846 -1847
-4121 -2224
3856 2406
7266 1347
-3120 -3145
9218 1068
1116 8824
1660 5962
-1790 -5557
7109 1406
9081 1101
7563 1324
-2404 -4314
4016 2588
3297 3160
-2661 -3959
-3368 -3131
1442 7328
-1655 -6392
-1471 -7202
-1581 -6772
8871 1208
1258 8570
-2241 -4897
-7686 -1431
-2250 -4920
-3739 -3005
2063 5558
2695 4261
-3976 -2907
-3891 -2973
6444 1829
-3793 -3113
1783 6713
-7760 -1543
-7858 -1562
-3784 -3266
-1486 -8474
-1556 -8121
-9151 -1415
-4918 -2638
-2030 -6428
-3859 -3429
-2744 -4884
2752 4906
-6848 -1984
3325 4089
-2304 -5974
4738 2930
-6913 -2014
7039 1983
-3711 -3767
-8437 -1660
-2259 -6226
-2085 -6810
1767 8188
-2659 -5445
7755 1870
-6847 -2120
4349 3375
-6191 -2378
3728 3988
-2397 -6374
5328 2889
3319 4784
2025 7855
-9012 -1812
5921 2758
-6025 -2723
2625 6327
-2385 -7081
3135 5435
-2183 -7864
-5525 -3119
3988 4324
-7888 -2199
6121 2877
-6077 -2902
-7251 -2437
2292 7718
-8868 -2002
2936 6086
5225 3514
2781 6621
3133 5885
3985 4660
1896 9850
6497 2892
-6289 -3020
2282 8327
3871 4911
5360 3581
4586 4191
4048 4824
6871 2850
5494 3582
10000 1972
-4669 -4246
3845 5208
2815 7140
6356 3194
5069 4024
2381 8585
-7626 -2693
-7055 -2914
-3102 -6663
4000 5209
4236 4943
5560 3770
-3199 -6601
4370 4833
-3910 -5477
4191 5154
4410 4904
-2808 -7737
3944 5528
2408 9119
-3602 -6153
-4425 -5028
3218 7003
2831 7979
4357 5260
9856 2368
3282 7136
-4018 -5833
2559 9181
-3028 -7820
9087 2615
9597 2493
5874 4079
-4256 -5630
5043 4762
2644 9158
7055 3437
-2936 -8307
6685 3651
4133 5917
-3337 -7512
3858 6531
-3009 -8433
6139 4142
3072 8295
-6694 -3813
-2809 -9217
3723 6972
4947 5393
-3045 -8797
-9257 -2904
6782 3971
7776 3473
-4443 -6184
-2966 -9521
9480 2980
-7382 -3832
-4832 -5969
-3386 -8530
3383 8583
-4805 -6066
-6638 -4404
7339 3998
7073 4150
-3299 -8900
-3541 -8297
3042 9699
7474 4030
4247 7206
7746 3960
-8273 -3715
-3385 -9220
3153 9912
-8420 -3734
-3383 -9303
3965 7959
9223 3427
5769 5526
-6212 -5161
3957 8147
4427 7313
-6522 -4972
3921 8278
9213 3577
4001 8239
-9428 -3504
-7356 -4512
-7734 -4295
-9255 -3602
-9040 -3696
-9555 -3507
-6279 -5337
8581 3917
5064 6639
3422 9834
4785 7035
4970 6865
3453 9890
-6626 -5200
-5202 -6659
6318 5487
-5094 -6810
5968 5881
5570 6334
6960 5187
8369 4335
-5054 -7317
-6845 -5406
-7368 -5057
-4301 -8727
-5265 -7145
4532 8310
-5720 -6632
-4430 -8601
9210 4158
8896 4323
-5116 -7534
4566 8520
9642 4089
4138 9549
4513 8782
-5160 -7732
5920 6754
-4044 -9934
-6916 -5884
-4286 -9535
5868 6994
4258 9661
6023 6857
4864 8503
9084 4560
6171 6772
-7243 -5784
9820 4267
-5643 -7594
7326 5852
5605 7650
7841 5475
6080 7218
5536 7933
5551 7939
-8122 -5456
5036 8815
8059 5570
-8871 -5077
7599 5946
-4690 -9651
4751 9534
4787 9476
-6873 -6606
-5780 -7900
4643 9847
8178 5637
-8233 -5617
7916 5852
-5967 -7848
5445 8627
-8968 -5250
4883 9654
-8391 -5662
-8784 -5427
-4835 -9863
-8029 -6016
5058 9551
-6545 -7397
7750 6247
-5828 -8347
-8092 -6092
8817 5679
-7767 -6486
7943 6378
-5653 -9030
6164 8283
6469 7918
-5921 -8756
-5420 -9737
-8500 -6210
9181 5753
8834 6034
7167 7914
-6034 -9554
9547 6040
-8726 -6616
8284 7001
8986 6480
-8168 -7192
-8229 -7178
-6093 -9717
-6796 -8768
-8243 -7345
9462 6589
-7802 -8048
-7401 -8489
9767 6435
6333 9939
-8054 -7838
-8630 -7343
-9815 -6458
-8877 -7241
-9302 -6954
6834 9593
8900 7484
8556 7797
9236 7239
-8726 -7687
9041 7444
-7869 -8583
-7034 -9735
-7232 -9741
7376 9629
7950 9075
8402 8700
-9313 -7905
8617 8553
-9031 -8180
-8095 -9235
9880 7586
-8907 -8431
-8480 -8860
7835 9736
-9761 -7833
8896 8801
9805 8064
9626 8338
8067 9962
8226 9828
9442 8749
-9147 -9099
9210 9099
9207 9263
-8682 -9960
9540 9742